100 99
78 57
41 96
53 7
94 71
7 71
64 71
43 42
96 51
1 38
79 16
70 67
86 64
29 44
74 61
75 94
58 9
33 17
25 27
40 35
68 47
86 74
88 81
33 29
65 90
31 47
19 8
41 66
44 23
25 57
6 59
36 34
88 20
9 11
28 77
67 40
79 47
7 49
41 89
21 69
93 71
13 88
45 62
100 39
52 25
91 92
89 15
80 62
83 46
67 32
91 85
73 34
66 80
98 87
16 98
84 64
87 37
43 31
38 30
21 57
86 56
2 40
59 53
34 42
24 26
63 66
4 63
1 65
83 99
81 61
76 82
33 12
1 55
65 76
78 72
39 18
5 3
50 23
76 40
19 97
54 22
55 72
99 18
5 97
4 95
59 10
10 60
98 85
48 6
70 58
28 30
22 79
93 80
6 14
27 61
39 26
5 56
46 89
68 83
44 57